
point1: 
  x: -1.9598335027694702
  y: -2.2588555812835693
  z: 0.002471923828125

point2: 
  x: -1.5731076002120972
  y: -3.415066719055176
  z: 0.002471923828125

point3: 
  x: -0.5414044260978699
  y: -3.1334269046783447
  z: 0.002471923828125

startpoint:
  x: -0.9047718644142151
  y: -1.910220742225647
  z: -0.001434326171875

